RICE17 chronology interpolated ages

Citation: James E. Lee, Edward J. Brook, Jeffrey P. Severinghaus, Thomas Blunier, Christo Buizert, T.J. Fudge, Howard Conway, Ed D. Waddington, Frédéric Parrenin, Dorthe Dahl-Jensen, Mai Winstrup, Paul Vallelonga, V. Gabriela Ciobanu, and Nancy Bertler: An 83,000 year old ice core from Roosevelt Island, Ross Sea, Antarctica, Climate of the Past.
 


Notes:
All ages are in years before present (BP), with present set to calendar year 1950 C.E.

0-343 m:	ice age interpolated from ALC
	 	gas ages interpolated b/w FCP's assuming piecewise constant accumulation and a Nye thinning profile

343-746 m:	gas and ice ages interpolated between FCP's assuming piecewise constant accumulation and a Nye thinning profile

>746 m:		gas and ice ages linearly interpolated between age control points
 

Column 1: Depth - meters below surface
Column 2: Ice_Age - years BP
Column 3: Gas_Age - years BP

For questions on the use or construction of this chronology, please contact:

<jlee@coas.oregonstate.edu>     James E. Lee

  
<brooke@geo.oregonstate.edu>	Ed Brook

Depth Ice_Age Gas_Age
0.0000 NaN NaN
1.0000 -61 NaN
2.0000 -59 NaN
3.0000 -56 NaN
4.0000 -54 NaN
5.0000 -52 NaN
6.0000 -49 NaN
7.0000 -46 NaN
8.0000 -43 NaN
9.0000 -41 NaN
10.0000 -38 NaN
11.0000 -35 NaN
12.0000 -32 NaN
13.0000 -30 NaN
14.0000 -27 NaN
15.0000 -24 NaN
16.0000 -21 NaN
17.0000 -18 NaN
18.0000 -15 NaN
19.0000 -13 NaN
20.0000 -11 NaN
21.0000 -8 NaN
22.0000 -5 NaN
23.0000 -1 NaN
24.0000 2 NaN
25.0000 5 NaN
26.0000 7 NaN
27.0000 11 NaN
28.0000 14 NaN
29.0000 18 NaN
30.0000 21 NaN
31.0000 24 NaN
32.0000 27 NaN
33.0000 31 NaN
34.0000 35 NaN
35.0000 38 NaN
36.0000 41 NaN
37.0000 45 NaN
38.0000 48 NaN
39.0000 51 NaN
40.0000 56 NaN
41.0000 59 NaN
42.0000 64 NaN
43.0000 68 NaN
44.0000 72 NaN
45.0000 75 NaN
46.0000 79 NaN
47.0000 83 -61
48.0000 87 -57
49.0000 91 -54
50.0000 96 -51
51.0000 100 -48
52.0000 104 -45
53.0000 109 -42
54.0000 113 -39
55.0000 117 -36
56.0000 120 -33
57.0000 124 -30
58.0000 127 -27
59.0000 131 -24
60.0000 135 -21
61.0000 141 -17
62.0000 145 -14
63.0000 150 -10
64.0000 155 -6
65.0000 160 -2
66.0000 164 2
67.0000 168 5
68.0000 173 9
69.0000 176 13
70.0000 182 17
71.0000 186 21
72.0000 192 25
73.0000 196 29
74.0000 201 33
75.0000 205 37
76.0000 210 41
77.0000 215 45
78.0000 219 49
79.0000 222 53
80.0000 227 57
81.0000 232 61
82.0000 236 65
83.0000 241 69
84.0000 246 73
85.0000 251 77
86.0000 255 82
87.0000 260 86
88.0000 265 90
89.0000 270 94
90.0000 275 99
91.0000 279 104
92.0000 284 110
93.0000 288 116
94.0000 293 122
95.0000 297 128
96.0000 303 133
97.0000 308 139
98.0000 313 145
99.0000 317 151
100.0000 320 157
100.5000 323 160
101.0000 326 163
101.5000 329 165
102.0000 332 168
102.5000 334 171
103.0000 337 174
103.5000 339 177
104.0000 342 180
104.5000 345 183
105.0000 348 186
105.5000 350 189
106.0000 353 192
106.5000 356 195
107.0000 358 198
107.5000 360 201
108.0000 363 204
108.5000 365 207
109.0000 369 210
109.5000 371 213
110.0000 374 216
110.5000 376 219
111.0000 379 222
111.5000 381 225
112.0000 384 228
112.5000 386 231
113.0000 389 234
113.5000 392 237
114.0000 395 240
114.5000 397 243
115.0000 400 246
115.5000 402 249
116.0000 405 252
116.5000 408 255
117.0000 412 258
117.5000 414 261
118.0000 417 263
118.5000 420 265
119.0000 423 268
119.5000 425 270
120.0000 428 273
120.5000 432 275
121.0000 435 277
121.5000 438 280
122.0000 440 282
122.5000 442 285
123.0000 445 287
123.5000 448 289
124.0000 451 292
124.5000 453 294
125.0000 455 297
125.5000 459 299
126.0000 461 301
126.5000 464 304
127.0000 466 306
127.5000 470 309
128.0000 473 311
128.5000 476 314
129.0000 479 316
129.5000 481 318
130.0000 484 321
130.5000 488 323
131.0000 491 326
131.5000 494 328
132.0000 496 331
132.5000 499 333
133.0000 501 336
133.5000 505 338
134.0000 508 340
134.5000 511 343
135.0000 514 345
135.5000 517 348
136.0000 520 350
136.5000 522 353
137.0000 525 355
137.5000 528 358
138.0000 531 360
138.5000 535 363
139.0000 538 365
139.5000 540 368
140.0000 543 370
140.5000 546 373
141.0000 548 375
141.5000 552 378
142.0000 556 380
142.5000 558 382
143.0000 561 385
143.5000 564 387
144.0000 568 391
144.5000 570 395
145.0000 573 399
145.5000 576 403
146.0000 578 407
146.5000 581 411
147.0000 584 416
147.5000 587 420
148.0000 591 424
148.5000 594 428
149.0000 596 432
149.5000 599 436
150.0000 602 441
150.5000 605 445
151.0000 608 449
151.5000 612 453
152.0000 615 457
152.5000 618 462
153.0000 621 466
153.5000 624 470
154.0000 628 474
154.5000 631 478
155.0000 635 483
155.5000 638 487
156.0000 641 491
156.5000 644 495
157.0000 647 499
157.5000 650 504
158.0000 654 508
158.5000 657 512
159.0000 660 516
159.5000 663 521
160.0000 666 525
160.5000 669 529
161.0000 672 533
161.5000 676 538
162.0000 679 542
162.5000 683 546
163.0000 687 550
163.5000 689 555
164.0000 692 559
164.5000 695 563
165.0000 698 568
165.5000 701 572
166.0000 704 576
166.5000 707 580
167.0000 710 585
167.5000 713 589
168.0000 716 593
168.5000 720 598
169.0000 723 602
169.5000 726 605
170.0000 729 608
170.5000 732 611
171.0000 735 614
171.5000 738 617
172.0000 742 620
172.5000 745 623
173.0000 749 625
173.5000 752 628
174.0000 756 631
174.5000 760 634
175.0000 762 637
175.5000 766 640
176.0000 769 643
176.5000 773 646
177.0000 777 649
177.5000 781 652
178.0000 785 655
178.5000 788 658
179.0000 792 661
179.5000 794 663
180.0000 798 666
180.5000 801 669
181.0000 806 672
181.5000 809 675
182.0000 813 678
182.5000 816 681
183.0000 818 684
183.5000 822 687
184.0000 825 690
184.5000 828 693
185.0000 832 696
185.5000 836 699
186.0000 839 702
186.5000 843 705
187.0000 846 708
187.5000 850 711
188.0000 853 714
188.5000 856 717
189.0000 861 720
189.5000 864 723
190.0000 868 726
190.5000 873 729
191.0000 877 732
191.5000 881 735
192.0000 884 738
192.5000 887 741
193.0000 892 744
193.5000 896 747
194.0000 901 750
194.5000 904 753
195.0000 908 757
195.5000 913 760
196.0000 917 764
196.5000 920 767
197.0000 924 770
197.5000 928 774
198.0000 931 777
198.5000 936 781
199.0000 940 784
199.5000 943 787
200.0000 947 791
200.2500 948 792
200.5000 950 794
200.7500 952 796
201.0000 954 798
201.2500 955 799
201.5000 957 801
201.7500 959 803
202.0000 962 804
202.2500 964 806
202.5000 967 808
202.7500 970 810
203.0000 972 811
203.2500 974 813
203.5000 976 815
203.7500 978 816
204.0000 980 818
204.2500 982 820
204.5000 984 822
204.7500 986 823
205.0000 988 825
205.2500 990 827
205.5000 992 828
205.7500 994 830
206.0000 996 832
206.2500 998 834
206.5000 1000 835
206.7500 1002 837
207.0000 1004 839
207.2500 1006 840
207.5000 1008 842
207.7500 1010 844
208.0000 1012 846
208.2500 1014 847
208.5000 1015 849
208.7500 1017 851
209.0000 1020 853
209.2500 1022 854
209.5000 1024 856
209.7500 1026 858
210.0000 1028 859
210.2500 1031 861
210.5000 1032 863
210.7500 1035 865
211.0000 1037 866
211.2500 1040 868
211.5000 1042 870
211.7500 1044 872
212.0000 1046 873
212.2500 1048 875
212.5000 1050 877
212.7500 1053 879
213.0000 1055 880
213.2500 1056 882
213.5000 1059 884
213.7500 1061 886
214.0000 1063 887
214.2500 1065 889
214.5000 1067 891
214.7500 1069 893
215.0000 1070 894
215.2500 1073 896
215.5000 1074 898
215.7500 1076 900
216.0000 1078 901
216.2500 1080 903
216.5000 1083 905
216.7500 1085 907
217.0000 1086 909
217.2500 1088 912
217.5000 1091 915
217.7500 1093 917
218.0000 1095 920
218.2500 1098 923
218.5000 1099 925
218.7500 1102 928
219.0000 1104 930
219.2500 1106 933
219.5000 1108 936
219.7500 1109 938
220.0000 1111 941
220.2500 1113 943
220.5000 1116 946
220.7500 1117 949
221.0000 1120 951
221.2500 1122 954
221.5000 1124 957
221.7500 1126 959
222.0000 1128 962
222.2500 1130 965
222.5000 1133 967
222.7500 1135 970
223.0000 1137 972
223.2500 1140 975
223.5000 1142 978
223.7500 1144 980
224.0000 1146 983
224.2500 1149 986
224.5000 1152 988
224.7500 1154 991
225.0000 1156 994
225.2500 1158 996
225.5000 1161 999
225.7500 1163 1002
226.0000 1166 1004
226.2500 1168 1007
226.5000 1171 1010
226.7500 1174 1012
227.0000 1176 1015
227.2500 1178 1018
227.5000 1180 1020
227.7500 1183 1023
228.0000 1185 1026
228.2500 1187 1028
228.5000 1188 1031
228.7500 1191 1034
229.0000 1194 1036
229.2500 1197 1039
229.5000 1199 1042
229.7500 1202 1044
230.0000 1204 1047
230.2500 1207 1050
230.5000 1210 1052
230.7500 1212 1055
231.0000 1214 1058
231.2500 1217 1060
231.5000 1219 1063
231.7500 1221 1066
232.0000 1223 1068
232.2500 1226 1071
232.5000 1228 1074
232.7500 1230 1076
233.0000 1232 1079
233.2500 1235 1082
233.5000 1237 1084
233.7500 1239 1087
234.0000 1241 1090
234.2500 1243 1093
234.5000 1246 1095
234.7500 1249 1098
235.0000 1250 1101
235.2500 1253 1103
235.5000 1255 1106
235.7500 1257 1109
236.0000 1259 1111
236.2500 1260 1114
236.5000 1263 1117
236.7500 1266 1120
237.0000 1268 1122
237.2500 1270 1125
237.5000 1272 1128
237.7500 1274 1130
238.0000 1276 1133
238.2500 1278 1136
238.5000 1280 1139
238.7500 1282 1141
239.0000 1284 1144
239.2500 1286 1146
239.5000 1288 1148
239.7500 1291 1150
240.0000 1293 1152
240.2500 1296 1154
240.5000 1298 1156
240.7500 1301 1158
241.0000 1304 1160
241.2500 1306 1162
241.5000 1309 1164
241.7500 1311 1165
242.0000 1314 1167
242.2500 1317 1169
242.5000 1319 1171
242.7500 1322 1173
243.0000 1324 1175
243.2500 1325 1177
243.5000 1328 1179
243.7500 1331 1181
244.0000 1334 1183
244.2500 1337 1185
244.5000 1340 1187
244.7500 1344 1189
245.0000 1347 1191
245.2500 1350 1193
245.5000 1353 1195
245.7500 1356 1197
246.0000 1359 1199
246.2500 1362 1201
246.5000 1363 1203
246.7500 1367 1205
247.0000 1370 1207
247.2500 1373 1209
247.5000 1375 1211
247.7500 1378 1213
248.0000 1381 1215
248.2500 1383 1217
248.5000 1386 1219
248.7500 1389 1221
249.0000 1391 1223
249.2500 1394 1225
249.5000 1396 1227
249.7500 1399 1229
250.0000 1402 1231
250.2500 1405 1233
250.5000 1407 1235
250.7500 1409 1237
251.0000 1411 1238
251.2500 1414 1240
251.5000 1417 1242
251.7500 1419 1244
252.0000 1422 1247
252.2500 1424 1250
252.5000 1428 1252
252.7500 1430 1255
253.0000 1433 1258
253.2500 1436 1261
253.5000 1438 1263
253.7500 1440 1266
254.0000 1443 1269
254.2500 1446 1271
254.5000 1449 1274
254.7500 1452 1277
255.0000 1454 1280
255.2500 1457 1282
255.5000 1460 1285
255.7500 1463 1288
256.0000 1466 1290
256.2500 1469 1293
256.5000 1471 1296
256.7500 1473 1299
257.0000 1477 1301
257.2500 1480 1304
257.5000 1482 1307
257.7500 1484 1310
258.0000 1487 1312
258.2500 1491 1315
258.5000 1494 1318
258.7500 1497 1321
259.0000 1500 1323
259.2500 1503 1326
259.5000 1506 1329
259.7500 1509 1332
260.0000 1511 1334
260.2500 1512 1337
260.5000 1515 1340
260.7500 1518 1343
261.0000 1520 1345
261.2500 1522 1348
261.5000 1525 1351
261.7500 1529 1354
262.0000 1532 1356
262.2500 1535 1359
262.5000 1537 1362
262.7500 1539 1365
263.0000 1542 1367
263.2500 1545 1370
263.5000 1548 1373
263.7500 1551 1376
264.0000 1553 1378
264.2500 1557 1381
264.5000 1559 1384
264.7500 1562 1388
265.0000 1566 1391
265.2500 1570 1395
265.5000 1573 1398
265.7500 1575 1401
266.0000 1578 1405
266.2500 1581 1408
266.5000 1584 1411
266.7500 1586 1415
267.0000 1589 1418
267.2500 1592 1422
267.5000 1594 1425
267.7500 1597 1428
268.0000 1600 1432
268.2500 1603 1435
268.5000 1606 1438
268.7500 1609 1442
269.0000 1612 1445
269.2500 1615 1449
269.5000 1617 1452
269.7500 1620 1455
270.0000 1622 1459
270.2500 1625 1462
270.5000 1628 1466
270.7500 1631 1469
271.0000 1633 1472
271.2500 1636 1476
271.5000 1638 1479
271.7500 1641 1483
272.0000 1643 1486
272.2500 1645 1489
272.5000 1647 1493
272.7500 1650 1496
273.0000 1653 1500
273.2500 1656 1503
273.5000 1659 1507
273.7500 1662 1510
274.0000 1665 1513
274.2500 1668 1517
274.5000 1670 1520
274.7500 1673 1524
275.0000 1675 1527
275.2500 1678 1531
275.5000 1680 1534
275.7500 1682 1537
276.0000 1685 1541
276.2500 1688 1544
276.5000 1690 1548
276.7500 1693 1551
277.0000 1696 1554
277.2500 1700 1557
277.5000 1703 1560
277.7500 1706 1563
278.0000 1709 1566
278.2500 1712 1569
278.5000 1715 1572
278.7500 1718 1575
279.0000 1722 1578
279.2500 1725 1581
279.5000 1729 1584
279.7500 1731 1587
280.0000 1734 1590
280.2500 1738 1593
280.5000 1741 1597
280.7500 1744 1600
281.0000 1747 1603
281.2500 1751 1606
281.5000 1754 1609
281.7500 1757 1612
282.0000 1760 1615
282.2500 1763 1618
282.5000 1767 1621
282.7500 1771 1624
283.0000 1774 1627
283.2500 1777 1630
283.5000 1781 1633
283.7500 1786 1636
284.0000 1789 1639
284.2500 1793 1643
284.5000 1796 1646
284.7500 1799 1649
285.0000 1802 1652
285.2500 1806 1655
285.5000 1809 1658
285.7500 1813 1661
286.0000 1816 1664
286.2500 1819 1667
286.5000 1823 1670
286.7500 1827 1673
287.0000 1831 1676
287.2500 1834 1680
287.5000 1837 1683
287.7500 1840 1686
288.0000 1843 1689
288.2500 1846 1692
288.5000 1850 1695
288.7500 1854 1698
289.0000 1857 1701
289.2500 1860 1704
289.5000 1863 1707
289.7500 1867 1710
290.0000 1870 1713
290.2500 1874 1716
290.5000 1878 1719
290.7500 1881 1722
291.0000 1884 1724
291.2500 1888 1727
291.5000 1890 1730
291.7500 1894 1733
292.0000 1897 1736
292.2500 1901 1739
292.5000 1905 1742
292.7500 1908 1745
293.0000 1911 1748
293.2500 1915 1751
293.5000 1918 1754
293.7500 1921 1757
294.0000 1924 1760
294.2500 1927 1763
294.5000 1930 1766
294.7500 1932 1769
295.0000 1935 1772
295.2500 1938 1775
295.5000 1940 1778
295.7500 1944 1781
296.0000 1946 1784
296.2500 1949 1787
296.5000 1953 1790
296.7500 1955 1793
297.0000 1958 1796
297.2500 1961 1799
297.5000 1965 1802
297.7500 1967 1805
298.0000 1971 1808
298.2500 1973 1811
298.5000 1975 1814
298.7500 1978 1817
299.0000 1981 1820
299.2500 1983 1823
299.5000 1987 1826
299.7500 1990 1829
300.0000 1993 1832
300.2500 1998 1835
300.5000 2000 1839
300.7500 2003 1843
301.0000 2006 1846
301.2500 2008 1850
301.5000 2012 1853
301.7500 2015 1857
302.0000 2018 1861
302.2500 2021 1864
302.5000 2025 1868
302.7500 2028 1871
303.0000 2031 1875
303.2500 2035 1879
303.5000 2039 1882
303.7500 2044 1886
304.0000 2047 1890
304.2500 2050 1893
304.5000 2054 1897
304.7500 2057 1900
305.0000 2061 1904
305.2500 2064 1908
305.5000 2068 1911
305.7500 2072 1915
306.0000 2076 1919
306.2500 2079 1922
306.5000 2082 1926
306.7500 2086 1930
307.0000 2089 1933
307.2500 2093 1937
307.5000 2098 1941
307.7500 2101 1944
308.0000 2106 1948
308.2500 2110 1952
308.5000 2114 1955
308.7500 2118 1959
309.0000 2122 1963
309.2500 2126 1966
309.5000 2130 1970
309.7500 2134 1974
310.0000 2138 1977
310.2500 2142 1981
310.5000 2147 1985
310.7500 2150 1988
311.0000 2154 1992
311.2500 2157 1996
311.5000 2161 1999
311.7500 2165 2003
312.0000 2168 2006
312.2500 2172 2010
312.5000 2176 2013
312.7500 2180 2017
313.0000 2184 2020
313.2500 2187 2024
313.5000 2190 2027
313.7500 2194 2031
314.0000 2197 2034
314.2500 2201 2038
314.5000 2205 2042
314.7500 2209 2045
315.0000 2213 2049
315.2500 2217 2052
315.5000 2221 2056
315.7500 2224 2059
316.0000 2228 2063
316.2500 2232 2066
316.5000 2236 2070
316.7500 2239 2073
317.0000 2242 2077
317.2500 2245 2081
317.5000 2250 2084
317.7500 2254 2088
318.0000 2257 2091
318.2500 2261 2095
318.5000 2265 2098
318.7500 2267 2102
319.0000 2270 2105
319.2500 2272 2109
319.5000 2274 2113
319.7500 2277 2116
320.0000 2281 2120
320.2500 2284 2123
320.5000 2288 2127
320.7500 2293 2131
321.0000 2297 2134
321.2500 2301 2138
321.5000 2304 2141
321.7500 2308 2145
322.0000 2311 2148
322.2500 2315 2152
322.5000 2318 2156
322.7500 2321 2160
323.0000 2325 2164
323.2500 2328 2169
323.5000 2332 2173
323.7500 2335 2177
324.0000 2338 2182
324.2500 2341 2186
324.5000 2345 2190
324.7500 2349 2194
325.0000 2352 2199
325.2500 2356 2203
325.5000 2359 2207
325.7500 2362 2212
326.0000 2366 2216
326.2500 2369 2220
326.5000 2373 2224
326.7500 2376 2229
327.0000 2380 2233
327.2500 2383 2237
327.5000 2388 2242
327.7500 2392 2246
328.0000 2396 2250
328.2500 2400 2255
328.5000 2404 2259
328.7500 2408 2263
329.0000 2412 2268
329.2500 2416 2272
329.5000 2419 2276
329.7500 2423 2281
330.0000 2426 2285
330.2500 2431 2289
330.5000 2434 2294
330.7500 2438 2298
331.0000 2441 2302
331.2500 2447 2307
331.5000 2451 2311
331.7500 2455 2315
332.0000 2459 2320
332.2500 2463 2324
332.5000 2467 2328
332.7500 2472 2333
333.0000 2475 2337
333.2500 2479 2341
333.5000 2482 2344
333.7500 2486 2348
334.0000 2490 2351
334.2500 2494 2354
334.5000 2498 2358
334.7500 2501 2361
335.0000 2506 2364
335.2500 2509 2367
335.5000 2513 2371
335.7500 2516 2374
336.0000 2521 2377
336.2500 2525 2380
336.5000 2528 2384
336.7500 2532 2387
337.0000 2536 2390
337.2500 2539 2394
337.5000 2544 2397
337.7500 2549 2400
338.0000 2554 2404
338.2500 2557 2407
338.5000 2562 2410
338.7500 2566 2413
339.0000 2571 2417
339.2500 2575 2420
339.5000 2579 2423
339.7500 2583 2427
340.0000 2588 2430
340.2500 2591 2433
340.5000 2594 2437
340.7500 2598 2440
341.0000 2602 2443
341.2500 2605 2447
341.5000 2609 2450
341.7500 2614 2453
342.0000 2618 2457
342.2500 2622 2460
342.5000 2627 2463
342.7500 2632 2467
343.0000 2636 2470
343.2500 2641 2473
343.5000 2646 2477
343.7500 2652 2480
344.0000 2657 2485
344.2500 2662 2490
344.5000 2667 2495
344.7500 2671 2499
345.0000 2676 2504
345.2500 2681 2509
345.5000 2686 2514
345.7500 2691 2518
346.0000 2695 2523
346.2500 2700 2528
346.5000 2705 2533
346.7500 2710 2537
347.0000 2714 2542
347.2500 2719 2547
347.5000 2724 2552
347.7500 2729 2556
348.0000 2734 2561
348.2500 2738 2566
348.5000 2743 2571
348.7500 2748 2575
349.0000 2753 2580
349.2500 2758 2585
349.5000 2762 2590
349.7500 2767 2595
350.0000 2772 2599
350.2500 2777 2604
350.5000 2782 2609
350.7500 2786 2614
351.0000 2791 2619
351.2500 2796 2623
351.5000 2801 2628
351.7500 2806 2633
352.0000 2811 2638
352.2500 2815 2643
352.5000 2820 2647
352.7500 2825 2652
353.0000 2830 2657
353.2500 2835 2662
353.5000 2840 2667
353.7500 2845 2672
354.0000 2850 2677
354.2500 2855 2683
354.5000 2861 2689
354.7500 2867 2695
355.0000 2873 2700
355.2500 2879 2706
355.5000 2885 2712
355.7500 2890 2718
356.0000 2896 2724
356.2500 2902 2730
356.5000 2908 2736
356.7500 2914 2742
357.0000 2920 2748
357.2500 2925 2754
357.5000 2931 2760
357.7500 2937 2766
358.0000 2943 2772
358.2500 2949 2778
358.5000 2955 2784
358.7500 2961 2790
359.0000 2966 2796
359.2500 2972 2802
359.5000 2978 2808
359.7500 2984 2814
360.0000 2990 2820
360.2500 2996 2826
360.5000 3002 2832
360.7500 3008 2838
361.0000 3014 2844
361.2500 3019 2850
361.5000 3025 2856
361.7500 3031 2862
362.0000 3037 2868
362.2500 3043 2874
362.5000 3049 2880
362.7500 3055 2886
363.0000 3061 2892
363.2500 3067 2898
363.5000 3073 2905
363.7500 3079 2911
364.0000 3084 2916
364.2500 3088 2920
364.5000 3091 2923
364.7500 3095 2927
365.0000 3099 2930
365.2500 3102 2934
365.5000 3106 2937
365.7500 3110 2941
366.0000 3113 2944
366.2500 3117 2948
366.5000 3121 2952
366.7500 3124 2955
367.0000 3128 2959
367.2500 3132 2962
367.5000 3135 2966
367.7500 3139 2969
368.0000 3143 2973
368.2500 3146 2977
368.5000 3150 2980
368.7500 3154 2984
369.0000 3157 2987
369.2500 3161 2991
369.5000 3165 2994
369.7500 3168 2998
370.0000 3172 3002
370.2500 3176 3005
370.5000 3180 3009
370.7500 3183 3012
371.0000 3187 3016
371.2500 3191 3020
371.5000 3194 3023
371.7500 3198 3027
372.0000 3202 3031
372.2500 3206 3034
372.5000 3209 3038
372.7500 3213 3041
373.0000 3217 3045
373.2500 3220 3049
373.5000 3224 3052
373.7500 3228 3056
374.0000 3234 3062
374.2500 3240 3068
374.5000 3245 3073
374.7500 3251 3079
375.0000 3256 3085
375.2500 3262 3091
375.5000 3268 3096
375.7500 3273 3102
376.0000 3279 3108
376.2500 3285 3113
376.5000 3290 3119
376.7500 3296 3125
377.0000 3302 3131
377.2500 3307 3136
377.5000 3313 3142
377.7500 3318 3148
378.0000 3324 3154
378.2500 3330 3159
378.5000 3336 3165
378.7500 3341 3171
379.0000 3347 3177
379.2500 3353 3182
379.5000 3358 3188
379.7500 3364 3194
380.0000 3370 3200
380.2500 3375 3205
380.5000 3381 3211
380.7500 3387 3217
381.0000 3392 3223
381.2500 3398 3229
381.5000 3404 3234
381.7500 3410 3240
382.0000 3415 3246
382.2500 3421 3252
382.5000 3427 3258
382.7500 3432 3263
383.0000 3438 3269
383.2500 3444 3275
383.5000 3447 3278
383.7500 3450 3281
384.0000 3453 3284
384.2500 3456 3287
384.5000 3459 3290
384.7500 3462 3293
385.0000 3465 3296
385.2500 3468 3299
385.5000 3471 3303
385.7500 3474 3306
386.0000 3477 3309
386.2500 3480 3312
386.5000 3483 3315
386.7500 3487 3318
387.0000 3490 3321
387.2500 3493 3325
387.5000 3496 3328
387.7500 3499 3331
388.0000 3502 3334
388.2500 3505 3337
388.5000 3508 3340
388.7500 3511 3343
389.0000 3514 3347
389.2500 3517 3350
389.5000 3521 3353
389.7500 3524 3356
390.0000 3527 3359
390.2500 3530 3362
390.5000 3533 3366
390.7500 3536 3369
391.0000 3539 3372
391.2500 3542 3375
391.5000 3546 3378
391.7500 3549 3382
392.0000 3552 3385
392.2500 3555 3388
392.5000 3558 3391
392.7500 3563 3396
393.0000 3568 3401
393.2500 3573 3406
393.5000 3578 3411
393.7500 3583 3416
394.0000 3588 3421
394.2500 3593 3426
394.5000 3598 3430
394.7500 3603 3435
395.0000 3608 3440
395.2500 3613 3445
395.5000 3618 3450
395.7500 3623 3455
396.0000 3628 3460
396.2500 3633 3465
396.5000 3638 3470
396.7500 3643 3475
397.0000 3648 3480
397.2500 3653 3485
397.5000 3658 3490
397.7500 3663 3495
398.0000 3668 3500
398.2500 3673 3505
398.5000 3678 3510
398.7500 3683 3515
399.0000 3688 3520
399.2500 3693 3525
399.5000 3698 3530
399.7500 3703 3535
400.0000 3708 3540
400.2500 3714 3545
400.5000 3719 3550
400.7500 3724 3555
401.0000 3729 3560
401.2500 3734 3565
401.5000 3739 3570
401.7500 3744 3575
402.0000 3749 3580
402.2500 3753 3585
402.5000 3758 3589
402.7500 3763 3594
403.0000 3768 3599
403.2500 3773 3604
403.5000 3778 3609
403.7500 3783 3614
404.0000 3787 3619
404.2500 3792 3624
404.5000 3797 3629
404.7500 3802 3633
405.0000 3807 3638
405.2500 3812 3643
405.5000 3817 3648
405.7500 3822 3653
406.0000 3826 3658
406.2500 3831 3663
406.5000 3836 3668
406.7500 3841 3673
407.0000 3846 3678
407.2500 3851 3683
407.5000 3856 3688
407.7500 3861 3693
408.0000 3866 3697
408.2500 3871 3702
408.5000 3876 3707
408.7500 3881 3712
409.0000 3885 3717
409.2500 3890 3722
409.5000 3895 3727
409.7500 3900 3732
410.0000 3905 3737
410.2500 3910 3742
410.5000 3915 3747
410.7500 3918 3751
411.0000 3922 3754
411.2500 3926 3758
411.5000 3930 3762
411.7500 3934 3766
412.0000 3938 3770
412.2500 3942 3774
412.5000 3945 3778
412.7500 3949 3782
413.0000 3953 3785
413.2500 3957 3789
413.5000 3961 3793
413.7500 3965 3797
414.0000 3969 3801
414.2500 3973 3805
414.5000 3976 3809
414.7500 3980 3813
415.0000 3984 3817
415.2500 3988 3821
415.5000 3992 3825
415.7500 3996 3828
416.0000 4000 3832
416.2500 4004 3836
416.5000 4008 3840
416.7500 4011 3844
417.0000 4015 3848
417.2500 4019 3852
417.5000 4023 3856
417.7500 4027 3860
418.0000 4031 3864
418.2500 4035 3868
418.5000 4039 3872
418.7500 4043 3876
419.0000 4047 3880
419.2500 4051 3883
419.5000 4054 3887
419.7500 4058 3891
420.0000 4062 3894
420.2500 4065 3898
420.5000 4069 3902
420.7500 4073 3906
421.0000 4077 3909
421.2500 4080 3913
421.5000 4084 3917
421.7500 4088 3920
422.0000 4092 3924
422.2500 4095 3928
422.5000 4099 3931
422.7500 4103 3935
423.0000 4107 3939
423.2500 4111 3943
423.5000 4114 3946
423.7500 4118 3950
424.0000 4122 3954
424.2500 4126 3957
424.5000 4129 3961
424.7500 4133 3965
425.0000 4137 3969
425.2500 4141 3972
425.5000 4145 3976
425.7500 4148 3980
426.0000 4152 3984
426.2500 4156 3987
426.5000 4160 3991
426.7500 4164 3995
427.0000 4168 3999
427.2500 4171 4002
427.5000 4175 4006
427.7500 4180 4011
428.0000 4185 4016
428.2500 4190 4021
428.5000 4195 4026
428.7500 4200 4031
429.0000 4204 4035
429.2500 4209 4040
429.5000 4214 4045
429.7500 4219 4050
430.0000 4224 4055
430.2500 4229 4060
430.5000 4234 4065
430.7500 4238 4069
431.0000 4243 4074
431.2500 4248 4079
431.5000 4253 4084
431.7500 4258 4089
432.0000 4263 4094
432.2500 4268 4099
432.5000 4272 4103
432.7500 4277 4108
433.0000 4282 4113
433.2500 4287 4118
433.5000 4292 4123
433.7500 4297 4128
434.0000 4302 4133
434.2500 4307 4138
434.5000 4312 4143
434.7500 4317 4148
435.0000 4322 4153
435.2500 4327 4158
435.5000 4331 4162
435.7500 4337 4168
436.0000 4344 4175
436.2500 4350 4181
436.5000 4356 4187
436.7500 4363 4194
437.0000 4369 4200
437.2500 4376 4207
437.5000 4382 4213
437.7500 4389 4220
438.0000 4395 4226
438.2500 4402 4233
438.5000 4408 4239
438.7500 4414 4245
439.0000 4421 4252
439.2500 4427 4258
439.5000 4434 4265
439.7500 4440 4271
440.0000 4447 4278
440.2500 4453 4284
440.5000 4460 4291
440.7500 4466 4297
441.0000 4473 4304
441.2500 4480 4311
441.5000 4486 4317
441.7500 4493 4324
442.0000 4499 4330
442.2500 4506 4337
442.5000 4512 4343
442.7500 4519 4350
443.0000 4525 4356
443.2500 4532 4363
443.5000 4538 4369
443.7500 4544 4375
444.0000 4548 4379
444.2500 4553 4383
444.5000 4557 4387
444.7500 4561 4392
445.0000 4565 4396
445.2500 4570 4400
445.5000 4574 4404
445.7500 4578 4408
446.0000 4583 4413
446.2500 4587 4417
446.5000 4591 4421
446.7500 4595 4425
447.0000 4600 4429
447.2500 4604 4434
447.5000 4608 4438
447.7500 4613 4442
448.0000 4617 4446
448.2500 4621 4451
448.5000 4626 4455
448.7500 4630 4459
449.0000 4634 4463
449.2500 4639 4468
449.5000 4643 4472
449.7500 4647 4476
450.0000 4652 4480
450.2500 4656 4485
450.5000 4661 4489
450.7500 4665 4493
451.0000 4669 4497
451.2500 4674 4502
451.5000 4678 4506
451.7500 4684 4512
452.0000 4689 4517
452.2500 4695 4523
452.5000 4700 4528
452.7500 4706 4534
453.0000 4711 4539
453.2500 4717 4545
453.5000 4722 4550
453.7500 4728 4556
454.0000 4734 4562
454.2500 4739 4567
454.5000 4745 4573
454.7500 4750 4578
455.0000 4756 4584
455.2500 4761 4589
455.5000 4767 4595
455.7500 4773 4601
456.0000 4778 4606
456.2500 4784 4612
456.5000 4789 4617
456.7500 4795 4623
457.0000 4801 4629
457.2500 4806 4634
457.5000 4812 4640
457.7500 4817 4645
458.0000 4823 4651
458.2500 4829 4657
458.5000 4834 4662
458.7500 4840 4668
459.0000 4846 4674
459.2500 4852 4680
459.5000 4858 4686
459.7500 4865 4692
460.0000 4871 4699
460.2500 4877 4705
460.5000 4884 4711
460.7500 4890 4717
461.0000 4897 4724
461.2500 4903 4730
461.5000 4910 4736
461.7500 4916 4743
462.0000 4922 4749
462.2500 4929 4755
462.5000 4935 4761
462.7500 4942 4768
463.0000 4948 4774
463.2500 4955 4780
463.5000 4961 4787
463.7500 4968 4793
464.0000 4974 4799
464.2500 4981 4806
464.5000 4987 4812
464.7500 4994 4819
465.0000 5000 4825
465.2500 5007 4831
465.5000 5013 4838
465.7500 5020 4844
466.0000 5026 4850
466.2500 5033 4857
466.5000 5039 4863
466.7500 5043 4867
467.0000 5047 4871
467.2500 5051 4875
467.5000 5054 4878
467.7500 5058 4882
468.0000 5062 4886
468.2500 5066 4890
468.5000 5070 4894
468.7500 5074 4898
469.0000 5077 4901
469.2500 5081 4905
469.5000 5085 4909
469.7500 5089 4913
470.0000 5093 4917
470.2500 5097 4921
470.5000 5101 4925
470.7500 5104 4928
471.0000 5108 4932
471.2500 5112 4936
471.5000 5116 4940
471.7500 5120 4944
472.0000 5124 4948
472.2500 5128 4952
472.5000 5132 4956
472.7500 5136 4960
473.0000 5139 4963
473.2500 5143 4967
473.5000 5147 4971
473.7500 5151 4975
474.0000 5155 4979
474.2500 5159 4983
474.5000 5163 4987
474.7500 5167 4991
475.0000 5171 4995
475.2500 5175 4999
475.5000 5179 5003
475.7500 5183 5007
476.0000 5187 5011
476.2500 5191 5015
476.5000 5196 5020
476.7500 5200 5024
477.0000 5204 5028
477.2500 5208 5032
477.5000 5212 5036
477.7500 5216 5040
478.0000 5220 5044
478.2500 5224 5048
478.5000 5228 5052
478.7500 5232 5056
479.0000 5236 5060
479.2500 5240 5064
479.5000 5244 5068
479.7500 5249 5073
480.0000 5253 5077
480.2500 5257 5081
480.5000 5261 5085
480.7500 5265 5089
481.0000 5269 5093
481.2500 5274 5098
481.5000 5279 5103
481.7500 5283 5107
482.0000 5288 5112
482.2500 5293 5117
482.5000 5297 5121
482.7500 5302 5126
483.0000 5307 5131
483.2500 5311 5136
483.5000 5316 5140
483.7500 5321 5145
484.0000 5325 5150
484.2500 5330 5154
484.5000 5335 5159
484.7500 5339 5164
485.0000 5344 5169
485.2500 5349 5173
485.5000 5353 5178
485.7500 5358 5183
486.0000 5363 5187
486.2500 5367 5192
486.5000 5372 5197
486.7500 5377 5202
487.0000 5382 5206
487.2500 5386 5211
487.5000 5391 5216
487.7500 5396 5221
488.0000 5402 5227
488.2500 5409 5234
488.5000 5415 5240
488.7500 5421 5246
489.0000 5428 5253
489.2500 5434 5259
489.5000 5441 5265
489.7500 5447 5272
490.0000 5453 5278
490.2500 5460 5284
490.5000 5466 5291
490.7500 5473 5297
491.0000 5479 5303
491.2500 5485 5310
491.5000 5492 5316
491.7500 5498 5323
492.0000 5505 5329
492.2500 5511 5335
492.5000 5518 5342
492.7500 5524 5348
493.0000 5531 5355
493.2500 5537 5361
493.5000 5543 5368
493.7500 5550 5374
494.0000 5556 5381
494.2500 5563 5387
494.5000 5569 5393
494.7500 5573 5397
495.0000 5577 5401
495.2500 5581 5405
495.5000 5585 5409
495.7500 5589 5413
496.0000 5593 5417
496.2500 5597 5421
496.5000 5601 5425
496.7500 5605 5429
497.0000 5609 5433
497.2500 5613 5437
497.5000 5617 5441
497.7500 5621 5445
498.0000 5625 5449
498.2500 5629 5453
498.5000 5633 5457
498.7500 5637 5461
499.0000 5641 5465
499.2500 5645 5469
499.5000 5649 5473
499.7500 5653 5477
500.0000 5657 5482
500.2500 5661 5486
500.5000 5665 5490
500.7500 5669 5494
501.0000 5673 5498
501.2500 5678 5503
501.5000 5683 5508
501.7500 5689 5513
502.0000 5694 5518
502.2500 5699 5523
502.5000 5705 5528
502.7500 5710 5533
503.0000 5716 5538
503.2500 5721 5543
503.5000 5726 5548
503.7500 5732 5553
504.0000 5737 5558
504.2500 5742 5563
504.5000 5748 5568
504.7500 5753 5574
505.0000 5759 5579
505.2500 5764 5584
505.5000 5769 5589
505.7500 5775 5594
506.0000 5780 5599
506.2500 5786 5604
506.5000 5791 5609
506.7500 5797 5614
507.0000 5802 5619
507.2500 5807 5625
507.5000 5814 5631
507.7500 5823 5640
508.0000 5832 5649
508.2500 5840 5658
508.5000 5849 5667
508.7500 5858 5676
509.0000 5867 5685
509.2500 5876 5694
509.5000 5885 5703
509.7500 5894 5712
510.0000 5903 5721
510.2500 5911 5730
510.5000 5920 5739
510.7500 5929 5748
511.0000 5938 5757
511.2500 5947 5766
511.5000 5956 5775
511.7500 5965 5784
512.0000 5974 5793
512.2500 5983 5802
512.5000 5992 5811
512.7500 6001 5821
513.0000 6010 5830
513.2500 6019 5839
513.5000 6028 5848
513.7500 6036 5856
514.0000 6043 5863
514.2500 6050 5870
514.5000 6057 5877
514.7500 6064 5884
515.0000 6071 5891
515.2500 6078 5898
515.5000 6085 5905
515.7500 6092 5912
516.0000 6099 5919
516.2500 6106 5926
516.5000 6113 5933
516.7500 6121 5941
517.0000 6128 5948
517.2500 6135 5955
517.5000 6142 5962
517.7500 6149 5969
518.0000 6156 5976
518.2500 6163 5983
518.5000 6170 5990
518.7500 6177 5997
519.0000 6184 6004
519.2500 6191 6011
519.5000 6199 6019
519.7500 6206 6026
520.0000 6213 6033
520.2500 6220 6040
520.5000 6227 6047
520.7500 6233 6054
521.0000 6240 6061
521.2500 6247 6068
521.5000 6254 6075
521.7500 6261 6082
522.0000 6268 6089
522.2500 6275 6096
522.5000 6282 6103
522.7500 6289 6110
523.0000 6296 6118
523.2500 6303 6125
523.5000 6311 6132
523.7500 6318 6139
524.0000 6325 6146
524.2500 6332 6153
524.5000 6339 6160
524.7500 6346 6167
525.0000 6353 6175
525.2500 6360 6182
525.5000 6367 6189
525.7500 6374 6196
526.0000 6382 6204
526.2500 6389 6211
526.5000 6396 6218
526.7500 6403 6226
527.0000 6411 6233
527.2500 6418 6241
527.5000 6425 6248
527.7500 6433 6256
528.0000 6440 6263
528.2500 6447 6271
528.5000 6455 6278
528.7500 6462 6286
529.0000 6470 6293
529.2500 6477 6301
529.5000 6484 6308
529.7500 6492 6316
530.0000 6499 6323
530.2500 6507 6331
530.5000 6514 6338
530.7500 6521 6346
531.0000 6529 6354
531.2500 6536 6361
531.5000 6544 6369
531.7500 6548 6373
532.0000 6552 6377
532.2500 6557 6382
532.5000 6561 6386
532.7500 6565 6390
533.0000 6570 6394
533.2500 6574 6399
533.5000 6579 6403
533.7500 6583 6407
534.0000 6587 6411
534.2500 6592 6416
534.5000 6596 6420
534.7500 6600 6424
535.0000 6605 6429
535.2500 6609 6433
535.5000 6614 6437
535.7500 6618 6441
536.0000 6622 6446
536.2500 6627 6450
536.5000 6631 6454
536.7500 6636 6459
537.0000 6640 6463
537.2500 6645 6468
537.5000 6652 6475
537.7500 6659 6482
538.0000 6666 6489
538.2500 6673 6496
538.5000 6680 6503
538.7500 6688 6511
539.0000 6695 6518
539.2500 6702 6525
539.5000 6709 6532
539.7500 6716 6539
540.0000 6723 6546
540.2500 6730 6553
540.5000 6737 6560
540.7500 6744 6567
541.0000 6751 6574
541.2500 6759 6582
541.5000 6766 6589
541.7500 6773 6596
542.0000 6780 6603
542.2500 6787 6610
542.5000 6795 6618
542.7500 6802 6625
543.0000 6809 6632
543.2500 6817 6640
543.5000 6824 6647
543.7500 6831 6654
544.0000 6839 6662
544.2500 6846 6669
544.5000 6854 6677
544.7500 6861 6684
545.0000 6869 6692
545.2500 6876 6699
545.5000 6883 6706
545.7500 6891 6714
546.0000 6898 6721
546.2500 6906 6729
546.5000 6913 6736
546.7500 6921 6744
547.0000 6928 6751
547.2500 6936 6759
547.5000 6944 6767
547.7500 6951 6774
548.0000 6959 6782
548.2500 6966 6789
548.5000 6973 6796
548.7500 6980 6803
549.0000 6988 6811
549.2500 6995 6818
549.5000 7002 6825
549.7500 7010 6833
550.0000 7017 6840
550.2500 7024 6847
550.5000 7032 6855
550.7500 7039 6862
551.0000 7046 6869
551.2500 7053 6876
551.5000 7061 6884
551.7500 7068 6891
552.0000 7076 6899
552.2500 7083 6906
552.5000 7090 6913
552.7500 7098 6921
553.0000 7105 6928
553.2500 7113 6936
553.5000 7118 6941
553.7500 7123 6946
554.0000 7128 6950
554.2500 7132 6955
554.5000 7137 6960
554.7500 7142 6964
555.0000 7147 6969
555.2500 7151 6974
555.5000 7156 6978
555.7500 7161 6983
556.0000 7166 6988
556.2500 7170 6992
556.5000 7175 6997
556.7500 7180 7002
557.0000 7185 7006
557.2500 7190 7011
557.5000 7194 7016
557.7500 7199 7021
558.0000 7204 7025
558.2500 7209 7030
558.5000 7214 7035
558.7500 7218 7039
559.0000 7222 7043
559.2500 7226 7047
559.5000 7230 7051
559.7500 7234 7055
560.0000 7238 7060
560.2500 7242 7064
560.5000 7246 7068
560.7500 7250 7072
561.0000 7254 7076
561.2500 7259 7081
561.5000 7263 7085
561.7500 7267 7089
562.0000 7271 7093
562.2500 7275 7097
562.5000 7279 7102
562.7500 7283 7106
563.0000 7287 7110
563.2500 7292 7114
563.5000 7296 7119
563.7500 7301 7124
564.0000 7306 7129
564.2500 7312 7134
564.5000 7317 7140
564.7500 7322 7145
565.0000 7328 7150
565.2500 7333 7155
565.5000 7338 7160
565.7500 7343 7166
566.0000 7349 7171
566.2500 7354 7176
566.5000 7359 7181
566.7500 7365 7187
567.0000 7370 7192
567.2500 7376 7197
567.5000 7381 7202
567.7500 7386 7208
568.0000 7392 7213
568.2500 7397 7218
568.5000 7405 7226
568.7500 7414 7235
569.0000 7423 7245
569.2500 7433 7254
569.5000 7442 7264
569.7500 7451 7273
570.0000 7461 7282
570.2500 7470 7292
570.5000 7479 7301
570.7500 7489 7311
571.0000 7498 7320
571.2500 7507 7330
571.5000 7517 7339
571.7500 7526 7349
572.0000 7536 7358
572.2500 7545 7368
572.5000 7554 7377
572.7500 7564 7387
573.0000 7573 7396
573.2500 7581 7404
573.5000 7588 7411
573.7500 7595 7418
574.0000 7602 7425
574.2500 7609 7431
574.5000 7616 7438
574.7500 7623 7445
575.0000 7629 7452
575.2500 7636 7459
575.5000 7643 7466
575.7500 7650 7473
576.0000 7657 7480
576.2500 7664 7487
576.5000 7671 7493
576.7500 7678 7500
577.0000 7685 7507
577.2500 7692 7514
577.5000 7699 7521
577.7500 7706 7528
578.0000 7717 7539
578.2500 7727 7549
578.5000 7737 7559
578.7500 7748 7570
579.0000 7758 7580
579.2500 7768 7590
579.5000 7779 7601
579.7500 7789 7611
580.0000 7800 7622
580.2500 7810 7632
580.5000 7821 7643
580.7500 7831 7653
581.0000 7841 7663
581.2500 7852 7674
581.5000 7863 7685
581.7500 7873 7695
582.0000 7884 7706
582.2500 7894 7716
582.5000 7907 7729
582.7500 7920 7742
583.0000 7933 7755
583.2500 7946 7768
583.5000 7959 7782
583.7500 7972 7795
584.0000 7985 7808
584.2500 7998 7821
584.5000 8011 7834
584.7500 8024 7848
585.0000 8037 7861
585.2500 8050 7874
585.5000 8063 7887
585.7500 8076 7901
586.0000 8090 7914
586.2500 8103 7927
586.5000 8116 7941
586.7500 8129 7954
587.0000 8139 7965
587.2500 8150 7975
587.5000 8161 7986
587.7500 8172 7997
588.0000 8183 8008
588.2500 8194 8019
588.5000 8204 8030
588.7500 8215 8041
589.0000 8226 8052
589.2500 8237 8063
589.5000 8248 8074
589.7500 8259 8085
590.0000 8270 8097
590.2500 8281 8108
590.5000 8292 8119
590.7500 8303 8130
591.0000 8314 8141
591.2500 8321 8148
591.5000 8327 8155
591.7500 8334 8161
592.0000 8341 8168
592.2500 8347 8175
592.5000 8354 8182
592.7500 8361 8189
593.0000 8368 8195
593.2500 8374 8202
593.5000 8381 8209
593.7500 8388 8216
594.0000 8395 8223
594.2500 8401 8230
594.5000 8408 8237
594.7500 8415 8243
595.0000 8422 8250
595.2500 8429 8257
595.5000 8435 8264
595.7500 8443 8272
596.0000 8451 8280
596.2500 8460 8289
596.5000 8468 8298
596.7500 8477 8307
597.0000 8485 8315
597.2500 8494 8324
597.5000 8503 8333
597.7500 8511 8342
598.0000 8520 8350
598.2500 8529 8359
598.5000 8537 8368
598.7500 8546 8377
599.0000 8555 8386
599.2500 8563 8395
599.5000 8572 8404
599.7500 8581 8412
600.0000 8589 8421
600.2500 8598 8430
600.5000 8604 8436
600.7500 8610 8442
601.0000 8616 8448
601.2500 8622 8454
601.5000 8628 8460
601.7500 8634 8466
602.0000 8640 8472
602.2500 8646 8478
602.5000 8652 8484
602.7500 8658 8491
603.0000 8664 8497
603.2500 8670 8503
603.5000 8676 8509
603.7500 8682 8515
604.0000 8688 8521
604.2500 8695 8527
604.5000 8701 8534
604.7500 8707 8541
605.0000 8715 8548
605.2500 8722 8556
605.5000 8730 8564
605.7500 8738 8572
606.0000 8745 8579
606.2500 8753 8587
606.5000 8760 8595
606.7500 8768 8603
607.0000 8776 8611
607.2500 8783 8619
607.5000 8791 8626
607.7500 8798 8634
608.0000 8806 8642
608.2500 8814 8650
608.5000 8822 8658
608.7500 8829 8666
609.0000 8836 8673
609.2500 8842 8679
609.5000 8847 8684
609.7500 8853 8690
610.0000 8858 8696
610.2500 8864 8701
610.5000 8869 8707
610.7500 8875 8712
611.0000 8881 8718
611.2500 8886 8724
611.5000 8892 8729
611.7500 8897 8735
612.0000 8903 8741
612.2500 8908 8746
612.5000 8914 8752
612.7500 8920 8758
613.0000 8925 8763
613.2500 8931 8769
613.5000 8936 8774
613.7500 8941 8779
614.0000 8947 8784
614.2500 8952 8790
614.5000 8958 8795
614.7500 8963 8800
615.0000 8968 8805
615.2500 8974 8811
615.5000 8979 8816
615.7500 8985 8821
616.0000 8990 8827
616.2500 8995 8832
616.5000 9001 8837
616.7500 9006 8843
617.0000 9012 8848
617.2500 9018 8854
617.5000 9028 8864
617.7500 9038 8874
618.0000 9048 8884
618.2500 9058 8894
618.5000 9068 8904
618.7500 9078 8914
619.0000 9088 8925
619.2500 9098 8935
619.5000 9108 8945
619.7500 9118 8955
620.0000 9128 8965
620.2500 9138 8975
620.5000 9148 8985
620.7500 9158 8996
621.0000 9168 9006
621.2500 9179 9017
621.5000 9191 9029
621.7500 9203 9042
622.0000 9216 9054
622.2500 9228 9066
622.5000 9240 9079
622.7500 9253 9091
623.0000 9265 9103
623.2500 9277 9116
623.5000 9290 9128
623.7500 9302 9141
624.0000 9315 9153
624.2500 9327 9166
624.5000 9340 9179
624.7500 9352 9191
625.0000 9365 9204
625.2500 9386 9225
625.5000 9407 9246
625.7500 9428 9268
626.0000 9450 9289
626.2500 9471 9310
626.5000 9492 9332
626.7500 9514 9353
627.0000 9535 9375
627.2500 9557 9397
627.5000 9579 9418
627.7500 9600 9440
628.0000 9622 9462
628.2500 9643 9483
628.5000 9665 9505
628.7500 9687 9527
629.0000 9703 9543
629.2500 9719 9559
629.5000 9736 9576
629.7500 9752 9592
630.0000 9768 9608
630.2500 9785 9625
630.5000 9801 9641
630.7500 9818 9658
631.0000 9834 9674
631.2500 9851 9691
631.5000 9867 9707
631.7500 9884 9724
632.0000 9900 9740
632.2500 9917 9757
632.5000 9931 9771
632.7500 9939 9779
633.0000 9948 9788
633.2500 9957 9797
633.5000 9966 9806
633.7500 9975 9815
634.0000 9984 9823
634.2500 9993 9832
634.5000 10002 9841
634.7500 10011 9850
635.0000 10020 9859
635.2500 10029 9868
635.5000 10038 9877
635.7500 10047 9886
636.0000 10055 9894
636.2500 10061 9900
636.5000 10066 9905
636.7500 10072 9911
637.0000 10077 9916
637.2500 10082 9922
637.5000 10088 9927
637.7500 10093 9933
638.0000 10099 9939
638.2500 10105 9944
638.5000 10110 9950
638.7500 10116 9955
639.0000 10121 9961
639.2500 10127 9967
639.5000 10134 9974
639.7500 10143 9983
640.0000 10152 9992
640.2500 10161 10001
640.5000 10170 10010
640.7500 10179 10020
641.0000 10188 10029
641.2500 10198 10038
641.5000 10207 10047
641.7500 10216 10057
642.0000 10225 10066
642.2500 10234 10075
642.5000 10244 10085
642.7500 10253 10094
643.0000 10269 10110
643.2500 10284 10126
643.5000 10300 10142
643.7500 10316 10158
644.0000 10332 10174
644.2500 10348 10190
644.5000 10364 10206
644.7500 10380 10222
645.0000 10395 10239
645.2500 10412 10255
645.5000 10428 10271
645.7500 10444 10287
646.0000 10460 10304
646.2500 10473 10317
646.5000 10486 10330
646.7500 10499 10343
647.0000 10512 10356
647.2500 10525 10370
647.5000 10538 10383
647.7500 10551 10396
648.0000 10564 10409
648.2500 10577 10422
648.5000 10590 10436
648.7500 10603 10449
649.0000 10617 10463
649.2500 10629 10475
649.5000 10637 10483
649.7500 10644 10491
650.0000 10652 10498
650.2500 10660 10506
650.5000 10668 10514
650.7500 10676 10522
651.0000 10684 10530
651.2500 10692 10538
651.5000 10700 10547
651.7500 10708 10555
652.0000 10716 10563
652.2500 10724 10571
652.5000 10736 10583
652.7500 10749 10596
653.0000 10762 10610
653.2500 10775 10623
653.5000 10789 10636
653.7500 10802 10650
654.0000 10815 10663
654.2500 10828 10677
654.5000 10842 10690
654.7500 10855 10703
655.0000 10868 10717
655.2500 10882 10731
655.5000 10892 10741
655.7500 10902 10751
656.0000 10911 10760
656.2500 10921 10770
656.5000 10931 10780
656.7500 10941 10790
657.0000 10951 10800
657.2500 10960 10809
657.5000 10970 10819
657.7500 10980 10829
658.0000 10990 10839
658.2500 11001 10850
658.5000 11015 10864
658.7500 11029 10878
659.0000 11043 10892
659.2500 11057 10907
659.5000 11071 10921
659.7500 11085 10936
660.0000 11100 10950
660.2500 11114 10964
660.5000 11128 10979
660.7500 11143 10994
661.0000 11157 11008
661.2500 11172 11023
661.5000 11188 11039
661.7500 11203 11055
662.0000 11218 11070
662.2500 11234 11086
662.5000 11249 11102
662.7500 11265 11118
663.0000 11281 11134
663.2500 11296 11150
663.5000 11312 11166
663.7500 11328 11181
664.0000 11344 11198
664.2500 11360 11214
664.5000 11376 11231
664.7500 11393 11247
665.0000 11409 11264
665.2500 11425 11280
665.5000 11442 11297
665.7500 11458 11314
666.0000 11475 11330
666.2500 11491 11347
666.5000 11508 11364
666.7500 11529 11385
667.0000 11550 11406
667.2500 11571 11428
667.5000 11593 11449
667.7500 11614 11471
668.0000 11636 11492
668.2500 11657 11514
668.5000 11679 11535
668.7500 11700 11557
669.0000 11722 11579
669.2500 11746 11603
669.5000 11773 11629
669.7500 11800 11656
670.0000 11832 11687
670.1000 11846 11700
670.2000 11862 11714
670.3000 11879 11728
670.4000 11895 11742
670.5000 11911 11757
670.6000 11928 11771
670.7000 11944 11785
670.8000 11960 11799
670.9000 11977 11813
671.0000 11993 11827
671.1000 12009 11842
671.2000 12026 11856
671.3000 12042 11870
671.4000 12059 11885
671.5000 12075 11899
671.6000 12092 11913
671.7000 12108 11927
671.8000 12125 11942
671.9000 12141 11956
672.0000 12158 11971
672.1000 12174 11985
672.2000 12191 11999
672.3000 12208 12014
672.4000 12224 12028
672.5000 12241 12043
672.6000 12258 12057
672.7000 12274 12072
672.8000 12291 12086
672.9000 12308 12101
673.0000 12325 12115
673.1000 12341 12130
673.2000 12358 12144
673.3000 12375 12159
673.4000 12392 12173
673.5000 12409 12188
673.6000 12425 12203
673.7000 12442 12217
673.8000 12459 12232
673.9000 12476 12247
674.0000 12493 12261
674.1000 12510 12276
674.2000 12527 12291
674.3000 12544 12306
674.4000 12561 12320
674.5000 12578 12335
674.6000 12595 12350
674.7000 12612 12365
674.8000 12629 12380
674.9000 12646 12394
675.0000 12664 12409
675.1000 12681 12424
675.2000 12698 12439
675.3000 12715 12454
675.4000 12732 12469
675.5000 12749 12484
675.6000 12767 12499
675.7000 12784 12514
675.8000 12801 12529
675.9000 12819 12544
676.0000 12836 12559
676.1000 12853 12574
676.2000 12871 12589
676.3000 12888 12604
676.4000 12905 12619
676.5000 12923 12634
676.6000 12940 12650
676.7000 12958 12665
676.8000 12975 12680
676.9000 12993 12695
677.0000 13010 12710
677.1000 13028 12725
677.2000 13045 12741
677.3000 13063 12756
677.4000 13093 12786
677.5000 13124 12817
677.6000 13154 12848
677.7000 13184 12878
677.8000 13215 12909
677.9000 13245 12940
678.0000 13276 12970
678.1000 13306 13001
678.2000 13337 13032
678.3000 13367 13063
678.4000 13398 13093
678.5000 13429 13124
678.6000 13459 13155
678.7000 13490 13186
678.8000 13521 13217
678.9000 13552 13248
679.0000 13583 13279
679.1000 13614 13310
679.2000 13644 13342
679.3000 13675 13373
679.4000 13706 13404
679.5000 13737 13435
679.6000 13770 13468
679.7000 13807 13508
679.8000 13844 13548
679.9000 13881 13588
680.0000 13918 13628
680.1000 13955 13668
680.2000 13993 13708
680.3000 14030 13748
680.4000 14067 13789
680.5000 14105 13829
680.6000 14142 13869
680.7000 14180 13910
680.8000 14217 13950
680.9000 14255 13990
681.0000 14292 14031
681.1000 14330 14072
681.2000 14368 14112
681.3000 14405 14153
681.4000 14443 14194
681.5000 14481 14234
681.6000 14519 14275
681.7000 14557 14316
681.8000 14594 14356
681.9000 14614 14379
682.0000 14634 14401
682.1000 14654 14424
682.2000 14674 14446
682.3000 14694 14469
682.4000 14714 14491
682.5000 14734 14514
682.6000 14754 14536
682.7000 14774 14559
682.8000 14794 14582
682.9000 14814 14604
683.0000 14835 14627
683.1000 14855 14650
683.2000 14875 14673
683.3000 14895 14695
683.4000 14915 14718
683.5000 14936 14741
683.6000 14956 14764
683.7000 14976 14787
683.8000 14997 14810
683.9000 15017 14833
684.0000 15038 14855
684.1000 15058 14875
684.2000 15079 14895
684.3000 15100 14916
684.4000 15121 14936
684.5000 15142 14956
684.6000 15162 14977
684.7000 15183 14997
684.8000 15204 15018
684.9000 15225 15039
685.0000 15246 15059
685.1000 15267 15080
685.2000 15288 15100
685.3000 15309 15121
685.4000 15330 15142
685.5000 15351 15162
685.6000 15372 15183
685.7000 15393 15204
685.8000 15415 15225
685.9000 15436 15245
686.0000 15457 15266
686.1000 15481 15290
686.2000 15508 15317
686.3000 15536 15344
686.4000 15563 15371
686.5000 15591 15399
686.6000 15619 15426
686.7000 15646 15453
686.8000 15674 15481
686.9000 15702 15508
687.0000 15730 15536
687.1000 15758 15563
687.2000 15785 15591
687.3000 15813 15618
687.4000 15841 15646
687.5000 15869 15673
687.6000 15897 15701
687.7000 15925 15729
687.8000 15953 15757
687.9000 15982 15784
688.0000 16010 15812
688.1000 16038 15840
688.2000 16056 15857
688.3000 16073 15873
688.4000 16090 15889
688.5000 16107 15905
688.6000 16124 15921
688.7000 16141 15938
688.8000 16158 15954
688.9000 16175 15970
689.0000 16192 15986
689.1000 16209 16002
689.2000 16226 16019
689.3000 16243 16035
689.4000 16260 16051
689.5000 16277 16068
689.6000 16295 16084
689.7000 16312 16100
689.8000 16329 16117
689.9000 16347 16133
690.0000 16364 16150
690.1000 16381 16166
690.2000 16403 16187
690.3000 16425 16207
690.4000 16447 16228
690.5000 16470 16248
690.6000 16492 16269
690.7000 16514 16289
690.8000 16536 16310
690.9000 16558 16330
691.0000 16581 16351
691.1000 16603 16372
691.2000 16625 16392
691.3000 16648 16413
691.4000 16670 16434
691.5000 16693 16454
691.6000 16715 16475
691.7000 16737 16496
691.8000 16760 16517
691.9000 16783 16538
692.0000 16805 16559
692.1000 16838 16590
692.2000 16877 16627
692.3000 16916 16664
692.4000 16956 16701
692.5000 16995 16738
692.6000 17035 16776
692.7000 17074 16813
692.8000 17114 16851
692.9000 17153 16888
693.0000 17193 16926
693.1000 17233 16963
693.2000 17272 17001
693.3000 17312 17039
693.4000 17352 17076
693.5000 17392 17114
693.6000 17432 17152
693.7000 17472 17190
693.8000 17512 17228
693.9000 17553 17266
694.0000 17602 17314
694.1000 17654 17366
694.2000 17707 17418
694.3000 17760 17470
694.4000 17812 17522
694.5000 17865 17574
694.6000 17918 17626
694.7000 17971 17678
694.8000 18024 17731
694.9000 18077 17783
695.0000 18131 17836
695.1000 18184 17888
695.2000 18237 17941
695.3000 18291 17993
695.4000 18344 18046
695.5000 18398 18099
695.6000 18452 18152
695.7000 18506 18205
695.8000 18556 18255
695.9000 18599 18298
696.0000 18643 18341
696.1000 18687 18385
696.2000 18731 18428
696.3000 18775 18472
696.4000 18819 18516
696.5000 18863 18560
696.6000 18907 18603
696.7000 18951 18647
696.8000 18996 18691
696.9000 19040 18735
697.0000 19085 18779
697.1000 19129 18824
697.2000 19174 18868
697.3000 19218 18912
697.4000 19263 18956
697.5000 19308 19001
697.6000 19346 19039
697.7000 19377 19070
697.8000 19409 19101
697.9000 19440 19132
698.0000 19472 19163
698.1000 19503 19194
698.2000 19535 19226
698.3000 19567 19257
698.4000 19598 19288
698.5000 19630 19319
698.6000 19662 19351
698.7000 19694 19382
698.8000 19726 19414
698.9000 19758 19445
699.0000 19790 19477
699.1000 19822 19509
699.2000 19854 19540
699.3000 19886 19572
699.4000 19909 19595
699.5000 19933 19618
699.6000 19957 19642
699.7000 19981 19665
699.8000 20005 19689
699.9000 20028 19712
700.0000 20052 19736
700.1000 20076 19759
700.2000 20100 19783
700.3000 20124 19806
700.4000 20149 19830
700.5000 20173 19854
700.6000 20197 19877
700.7000 20221 19901
700.8000 20245 19925
700.9000 20270 19949
701.0000 20295 19974
701.1000 20324 20004
701.2000 20353 20034
701.3000 20382 20064
701.4000 20412 20094
701.5000 20441 20124
701.6000 20471 20154
701.7000 20500 20185
701.8000 20530 20215
701.9000 20560 20245
702.0000 20589 20276
702.1000 20619 20306
702.2000 20649 20337
702.3000 20679 20367
702.4000 20709 20398
702.5000 20739 20429
702.6000 20769 20459
702.7000 20811 20503
702.8000 20861 20554
702.9000 20912 20605
703.0000 20962 20656
703.1000 21012 20707
703.2000 21063 20759
703.3000 21113 20810
703.4000 21164 20862
703.5000 21215 20913
703.6000 21266 20965
703.7000 21317 21017
703.8000 21368 21069
703.9000 21419 21121
704.0000 21470 21173
704.1000 21521 21225
704.2000 21573 21277
704.3000 21623 21329
704.4000 21672 21379
704.5000 21721 21429
704.6000 21771 21480
704.7000 21820 21531
704.8000 21870 21581
704.9000 21919 21632
705.0000 21969 21683
705.1000 22018 21734
705.2000 22068 21785
705.3000 22118 21836
705.4000 22168 21887
705.5000 22218 21938
705.6000 22268 21990
705.7000 22319 22041
705.8000 22369 22093
705.9000 22409 22132
706.0000 22448 22171
706.1000 22488 22210
706.2000 22527 22248
706.3000 22567 22287
706.4000 22607 22326
706.5000 22646 22365
706.6000 22686 22404
706.7000 22726 22444
706.8000 22766 22483
706.9000 22806 22522
707.0000 22846 22561
707.1000 22886 22601
707.2000 22926 22640
707.3000 22967 22680
707.4000 23014 22727
707.5000 23065 22777
707.6000 23115 22827
707.7000 23166 22878
707.8000 23216 22928
707.9000 23267 22979
708.0000 23318 23029
708.1000 23369 23080
708.2000 23420 23131
708.3000 23471 23182
708.4000 23522 23233
708.5000 23574 23284
708.6000 23625 23335
708.7000 23677 23386
708.8000 23728 23437
708.9000 23797 23504
709.0000 23867 23571
709.1000 23938 23639
709.2000 24008 23707
709.3000 24079 23775
709.4000 24150 23844
709.5000 24221 23912
709.6000 24292 23981
709.7000 24364 24049
709.8000 24435 24118
709.9000 24507 24187
710.0000 24578 24256
710.1000 24650 24325
710.2000 24722 24395
710.3000 24790 24460
710.4000 24853 24522
710.5000 24917 24584
710.6000 24980 24645
710.7000 25044 24707
710.8000 25108 24770
710.9000 25172 24832
711.0000 25236 24894
711.1000 25300 24957
711.2000 25364 25019
711.3000 25429 25082
711.4000 25493 25145
711.5000 25558 25208
711.6000 25623 25271
711.7000 25696 25343
711.8000 25778 25427
711.9000 25861 25510
712.0000 25943 25594
712.1000 26026 25677
712.2000 26109 25761
712.3000 26192 25845
712.4000 26276 25930
712.5000 26359 26014
712.6000 26443 26099
712.7000 26527 26184
712.8000 26611 26269
712.9000 26695 26354
713.0000 26779 26439
713.1000 26840 26501
713.2000 26896 26558
713.3000 26952 26614
713.4000 27008 26671
713.5000 27064 26728
713.6000 27120 26785
713.7000 27176 26842
713.8000 27233 26900
713.9000 27289 26957
714.0000 27346 27014
714.1000 27402 27072
714.2000 27459 27130
714.3000 27516 27188
714.4000 27583 27256
714.5000 27660 27333
714.6000 27737 27411
714.7000 27814 27489
714.8000 27891 27567
714.9000 27968 27646
715.0000 28046 27724
715.1000 28124 27803
715.2000 28201 27882
715.3000 28279 27961
715.4000 28358 28040
715.5000 28436 28119
715.6000 28514 28199
715.7000 28588 28274
715.8000 28658 28345
715.9000 28729 28417
716.0000 28799 28489
716.1000 28870 28561
716.2000 28941 28633
716.3000 29011 28705
716.4000 29083 28778
716.5000 29154 28850
716.6000 29225 28923
716.7000 29297 28996
716.8000 29368 29069
716.9000 29440 29142
717.0000 29499 29200
717.1000 29557 29258
717.2000 29615 29316
717.3000 29673 29374
717.4000 29732 29432
717.5000 29791 29490
717.6000 29849 29548
717.7000 29908 29606
717.8000 29967 29665
717.9000 30026 29724
718.0000 30086 29782
718.1000 30145 29841
718.2000 30211 29906
718.3000 30279 29974
718.4000 30347 30042
718.5000 30415 30110
718.6000 30484 30178
718.7000 30553 30247
718.8000 30621 30315
718.9000 30690 30384
719.0000 30760 30453
719.1000 30829 30522
719.2000 30898 30591
719.3000 30968 30660
719.4000 31072 30765
719.5000 31177 30870
719.6000 31282 30975
719.7000 31387 31081
719.8000 31492 31187
719.9000 31597 31293
720.0000 31703 31399
720.1000 31809 31505
720.2000 31915 31612
720.3000 32022 31719
720.4000 32128 31827
720.5000 32235 31934
720.6000 32343 32042
720.7000 32450 32150
720.8000 32571 32272
720.9000 32691 32395
721.0000 32812 32518
721.1000 32934 32641
721.2000 33056 32764
721.3000 33177 32888
721.4000 33300 33012
721.5000 33422 33136
721.6000 33545 33261
721.7000 33668 33386
721.8000 33792 33511
721.9000 33916 33636
722.0000 34040 33762
722.1000 34164 33888
722.2000 34289 34015
722.3000 34414 34142
722.4000 34539 34269
722.5000 34664 34396
722.6000 34790 34524
722.7000 34916 34652
722.8000 35043 34780
722.9000 35220 34957
723.0000 35397 35134
723.1000 35575 35312
723.2000 35754 35490
723.3000 35933 35669
723.4000 36112 35848
723.5000 36292 36027
723.6000 36472 36207
723.7000 36652 36388
723.8000 36833 36569
723.9000 37015 36750
724.0000 37240 36980
724.1000 37466 37210
724.2000 37693 37441
724.3000 37920 37672
724.4000 38148 37904
724.5000 38376 38137
724.6000 38605 38370
724.7000 38770 38532
724.8000 38936 38695
724.9000 39102 38858
725.0000 39268 39021
725.1000 39435 39185
725.2000 39602 39349
725.3000 39770 39514
725.4000 39839 39576
725.5000 39897 39627
725.6000 39956 39678
725.7000 40014 39730
725.8000 40073 39782
725.9000 40132 39833
726.0000 40191 39885
726.1000 40250 39937
726.2000 40309 39989
726.3000 40369 40042
726.4000 40429 40094
726.5000 40488 40147
726.6000 40548 40200
726.7000 40608 40252
726.8000 40669 40305
726.9000 40745 40384
727.0000 40836 40488
727.1000 40928 40593
727.2000 41020 40697
727.3000 41113 40802
727.4000 41205 40908
727.5000 41298 41014
727.6000 41392 41119
727.7000 41485 41226
727.8000 41579 41332
727.9000 41673 41439
728.0000 41767 41546
728.1000 41882 41673
728.2000 42186 41972
728.3000 42491 42273
728.4000 42797 42574
728.5000 43103 42876
728.6000 43411 43179
728.7000 43719 43483
728.8000 44026 43790
728.9000 44333 44098
729.0000 44641 44407
729.1000 44913 44683
729.2000 45150 44926
729.3000 45388 45169
729.4000 45626 45413
729.5000 45865 45658
729.6000 46105 45903
729.7000 46379 46182
729.8000 46788 46591
729.9000 47199 47002
730.0000 47611 47414
730.1000 47863 47664
730.2000 47954 47752
730.3000 48046 47840
730.4000 48138 47928
730.5000 48231 48017
730.6000 48323 48106
730.7000 48416 48196
730.8000 48510 48285
730.9000 48603 48375
731.0000 48672 48442
731.1000 48717 48487
731.2000 48762 48533
731.3000 48806 48578
731.4000 48851 48623
731.5000 48897 48669
731.6000 48942 48714
731.7000 48987 48760
731.8000 49033 48806
731.9000 49079 48852
732.0000 49124 48899
732.1000 49170 48945
732.2000 49217 48992
732.3000 49263 49038
732.4000 49309 49085
732.5000 49356 49132
732.6000 49403 49179
732.7000 49450 49227
732.8000 49497 49274
732.9000 49544 49322
733.0000 49592 49370
733.1000 49639 49418
733.2000 49687 49466
733.3000 49735 49514
733.4000 49783 49563
733.5000 49831 49611
733.6000 49879 49660
733.7000 49928 49709
733.8000 49977 49758
733.9000 50025 49807
734.0000 50074 49857
734.1000 50124 49906
734.2000 50173 49956
734.3000 50223 50006
734.4000 50272 50056
734.5000 50322 50107
734.6000 50372 50157
734.7000 50422 50208
734.8000 50473 50259
734.9000 50523 50310
735.0000 50574 50361
735.1000 50625 50412
735.2000 50676 50464
735.3000 50728 50516
735.4000 50779 50568
735.5000 50831 50620
735.6000 50883 50672
735.7000 50935 50725
735.8000 50987 50777
735.9000 51040 50830
736.0000 51092 50883
736.1000 51145 50937
736.2000 51198 50990
736.3000 51251 51044
736.4000 51305 51098
736.5000 51359 51152
736.6000 51412 51206
736.7000 51466 51261
736.8000 51521 51316
736.9000 51575 51370
737.0000 51630 51426
737.1000 51685 51481
737.2000 51740 51537
737.3000 51797 51595
737.4000 51859 51656
737.5000 51920 51719
737.6000 51981 51781
737.7000 52043 51843
737.8000 52105 51906
737.9000 52168 51969
738.0000 52230 52032
738.1000 52293 52096
738.2000 52356 52160
738.3000 52420 52224
738.4000 52483 52288
738.5000 52547 52353
738.6000 52611 52418
738.7000 52676 52483
738.8000 52740 52548
738.9000 52805 52614
739.0000 52870 52680
739.1000 52936 52746
739.2000 53002 52812
739.3000 53068 52879
739.4000 53134 52946
739.5000 53201 53013
739.6000 53267 53081
739.7000 53390 53204
739.8000 53568 53382
739.9000 53747 53561
740.0000 53926 53740
740.1000 54107 53921
740.2000 54288 54102
740.3000 54470 54284
740.4000 54653 54467
740.5000 54869 54682
740.6000 55162 54971
740.7000 55457 55262
740.8000 55753 55554
740.9000 56050 55847
741.0000 56349 56142
741.1000 56649 56438
741.2000 56951 56736
741.3000 57183 56968
741.4000 57347 57134
741.5000 57511 57300
741.6000 57675 57468
741.7000 57841 57636
741.8000 58007 57806
741.9000 58174 57975
742.0000 58342 58146
742.1000 58511 58318
742.2000 58680 58490
742.3000 58851 58663
742.4000 59022 58837
742.5000 59194 59012
742.6000 59354 59173
742.7000 59502 59319
742.8000 59651 59466
742.9000 59801 59614
743.0000 59951 59762
743.1000 60102 59912
743.2000 60254 60061
743.3000 60407 60212
743.4000 60561 60364
743.5000 60715 60516
743.6000 60870 60669
743.7000 61026 60823
743.8000 61183 60977
743.9000 61340 61133
744.0000 61499 61289
744.1000 61658 61446
744.2000 61818 61604
744.3000 61979 61763
744.4000 62141 61923
744.5000 62303 62083
744.6000 62467 62244
744.7000 62631 62407
744.8000 62796 62570
744.9000 62963 62734
745.0000 63130 62899
745.1000 63298 63064
745.2000 63467 63231
745.3000 63637 63399
745.4000 63808 63568
745.5000 63980 63737
745.6000 64152 63908
745.7000 64326 64079
745.8000 64501 64252
745.9000 64677 64425
746.0000 64854 64600
746.1000 74198 74000
746.2000 74380 74189
746.3000 74563 74377
746.4000 74745 74566
746.5000 74927 74754
746.6000 75110 74943
746.7000 75292 75131
746.8000 75474 75320
746.9000 75657 75509
747.0000 75839 75697
747.1000 76021 75886
747.2000 76204 76074
747.3000 76386 76263
747.4000 76568 76451
747.5000 76751 76640
747.6000 76933 76829
747.7000 77115 77017
747.8000 77298 77206
747.9000 76798 76698
748.0000 75616 75493
748.1000 74434 74289
748.2000 73253 73084
748.3000 72181 71992
748.4000 72104 71916
748.5000 72028 71840
748.6000 71951 71763
748.7000 71874 71687
748.8000 71797 71611
748.9000 71720 71534
749.0000 71643 71458
749.1000 71566 71382
749.2000 71489 71305
749.3000 71413 71229
749.4000 71336 71153
749.5000 71259 71076
749.6000 71182 71000
749.7000 71251 71058
749.8000 71320 71116
749.9000 71390 71174
750.0000 71459 71233
750.1000 71528 71291
750.2000 71597 71349
750.3000 71666 71407
750.4000 71735 71465
750.5000 72797 72580
750.6000 74416 74288
750.7000 74641 74508
750.8000 74866 74728
750.9000 75091 74948
751.0000 75316 75169
751.1000 75542 75389
751.2000 75767 75609
751.3000 75992 75829
751.4000 76217 76049
751.5000 76442 76269
751.6000 76667 76489
751.7000 76892 76709
751.8000 77117 76930
751.9000 77342 77150
752.0000 77567 77370
752.1000 77792 77590
752.2000 78234 78031
752.3000 78891 78694
752.4000 79549 79356
752.5000 80207 80019
752.6000 80864 80681
752.7000 81522 81344
752.8000 82180 82006
752.9000 82837 82669
753.0000 NaN 83344
